1	1428873.61
2	1156504.92
4	4134567.3900000006
5	1084042.74
7	3922020.9799999995
8	2311598.75
10	3865098.18
11	1233486.53
13	2292834.5700000003
14	1787359.08
16	2170436.43
17	2016998.7599999998
19	3686492.9300000006
20	1230350.63
22	3130582.1900000004
23	1673040.18
25	2845869.5299999993
26	418511.97
28	3075314.4600000004
29	1935593.0900000003
31	2114517.56
32	914059.56
34	3945438.71
35	2113194.07
37	2428169.6900000004
38	1336731.12
40	2887931.6
41	1871334.66
43	3758886.21
44	1799024.04
46	2179304.6300000004
47	518953.38000000006
49	3415140.229999999
50	1693672.0900000003
52	3307614.62
53	1790425.0600000003
55	1998414.21
56	1967546.4400000002
58	2258160.75
59	1454536.43
61	3497594.04
62	1730591.94
64	1517611.93
65	1863488.8900000004
67	2620093.8999999994
68	2318085.5200000005
70	2186547.87
71	1580442.39
73	4638819.210000001
74	1364900.8499999999
76	1255844.0899999999
77	713381.28
79	4412540.44
80	2116340.11
82	1850376.42
83	967203.8
85	2706695.68
86	1753321.1600000001
88	3444935.0500000003
89	975893.56
91	2603316.48
92	632422.34
94	3678708.0900000003
95	865644.41
97	2721768.0500000003
98	1827484.1600000001
100	2690837.75
101	2120043.9099999997
103	3139428.34
104	1269470.76
106	1850889.8900000001
107	1817530.94
109	3118285.4099999997
110	1114818.38
112	3116175.3900000006
113	1551366.0099999998
115	2186777.32
116	1219325.43
118	1785726.0600000003
119	460544.22
121	3801574.7700000005
122	799409.05
124	1829717.9800000002
125	1002422.96
127	2223113.65
128	2283722.63
130	2593419.3
131	863828.6399999999
133	2270483.15
134	1665740.5799999998
136	3279162.6299999994
137	1292308.5899999999
139	2900558.3199999994
140	1632599.5199999998
142	2325660.159999999
143	1080022.83
145	3002676.1099999994
146	2016124.0299999998
148	1771330.9600000004
149	1860648.57
151	2373103.3000000003
152	662754.28
154	4233477.18
155	1730308.61
157	2110342.5999999996
158	1905245.66
160	3251186.71
161	1799712.42
163	1866521.1399999997
164	1608620.3900000001
166	2446421.0399999996
167	1454985.1900000002
169	3279411.66
170	1542541.5700000003
172	2429709.9000000004
173	1127121.55
175	3298426.0999999996
176	1296640.4699999997
178	3358365.6499999994
179	1654938.89
181	3258901.67
182	494447.71
184	2878350.16
185	289338.12
187	2869137.2199999997
188	1283509.69
190	2563857.2199999997
191	728645.64
193	2315442.1
194	1042036.2699999999
196	2712914.69
197	1354449.2999999998
199	3307318.639999999
200	2005351.6099999999
202	3609565.7199999993
203	825918.7999999999
205	1763566.8699999999
206	1931788.6500000001
208	3194846.5999999996
209	1165436.24
211	2678816.2399999998
212	1209704.72
214	4674894.7299999995
215	1001407.4299999999
217	3641426.6099999994
218	1762777.28
220	3114569.9299999997
221	1758959.64
223	3739578.2600000002
224	2479861.1599999997
226	3702591.06
227	459633.26
229	2498639.98
230	947821.8
232	2339684.23
233	776466.6
235	3312032.4099999997
236	2678310.8200000003
238	3887176.44
239	1536247.6999999997
241	4166320.3900000006
242	1253331.0699999998
244	3713848.87
245	1054933.42
247	3125785.2600000002
248	1483913.5799999998
250	2345487.98
251	1480785.3399999999
253	2456442.92
254	960341.1600000001
256	3588855.19
257	1403936.06
259	1916513.36
260	1423735.74
262	2587405.7399999998
263	912026.08
265	2387790.27
266	1180552.03
268	3498152.21
269	2037951.0400000003
271	1757452.33
272	632651.5299999999
274	3127506.9
275	1051334.72
277	2651743.4900000007
278	1657179.2500000002
280	3322456.2199999993
281	2302587.56
283	3206781.8700000006
284	630191.77
286	2681163.94
287	1542335.1700000002
289	2289278.9999999995
290	845641.3
292	1642721.2099999997
293	1433023.5099999998
295	3197184.360000001
296	1021373.0799999998
298	3386924.2800000003
299	1713430.2
301	3204520.9699999997
302	1140337.8599999999
304	4072137.0099999993
305	1607231.5699999998
307	2890925.73
308	1274433.2999999998
310	1290641.8499999999
311	1425401.84
313	2288072.16
314	2075556.29
316	2724669.1100000003
317	1772741.6500000001
319	2808060.11
320	1657017.2599999998
322	1926440.02
323	1359697.1300000001
325	3072970.19
326	1227361.52
328	3445626.09
329	2767086.28
331	3114455.93
332	1573672.75
334	4246946.1
335	666901.1300000001
337	2265824.09
338	2100676.08
340	3327867.2699999996
341	1218490.52
343	3156146.69
344	596101.3999999999
346	1992515.4499999995
347	1493451.8499999999
349	3594123.4399999995
350	1116763.1200000003
352	3354208.8500000006
353	665204.3900000001
355	2819937.86
356	700919.19
358	3957972.9400000004
359	1332318.59
361	2398112.25
362	725054.34
364	3830477.7299999995
365	234421.97
367	1957330.14
368	1541736.7000000002
370	2860895.79
371	1227593.4500000002
373	1553251.01
374	1148492.93
376	1600696.47
377	803271.94
379	3155009.54
380	1859753.3499999999
382	3952629.0100000002
383	672970.28
385	2223279.6800000006
386	1191163.83
388	3560786.0600000005
389	523205.77999999997
391	2642725.58
392	1512336.9500000002
394	2513568.7600000007
395	1690646.85
397	1989839.0599999998
398	586561.86
400	3219234.92
401	1588491.02
403	2732672.909999999
404	1259580.1199999999
406	1467088.25
407	1385793.5899999999
409	3203809.3899999997
410	1485388.7800000003
412	2586448.7
413	2231827.3799999994
415	1859976.4
416	1062204.62
418	2659030.650000001
419	1122163.33
421	2384517.15
422	2151428.2199999997
424	2404483.2399999998
425	1143637.34
427	3376292.57
428	1233015.32
430	3198169.21
431	926484.48
433	2464648.6100000003
434	2075068.66
436	2882863.6900000004
437	1590492.11
439	2384534.91
440	1534045.75
442	3358098.3399999994
443	838357.5399999999
445	2452248.7199999997
446	2162808.03
448	3691013.5999999996
449	1284836.53
451	2463836.22
452	1040547.39
454	1827246.1199999999
455	2189119.58
457	2332418.86
458	1984393.5699999998
460	2279793.1799999997
461	1673520.4800000002
463	2142669.61
464	2797857.7399999998
466	1957212.3899999997
467	535205.0
469	2395904.85
470	1736377.7600000002
472	3697639.839999999
473	2145323.67
475	3182402.53
476	911150.25
478	2557645.2100000004
479	1687526.96
481	3485723.7600000002
482	1036168.3899999999
484	2185595.0599999996
485	1359958.3800000001
487	4092893.2100000004
488	2408080.8400000003
490	2390176.0400000005
491	1711002.63
493	3473578.7899999996
494	1820366.58
496	2992125.7
497	777700.27
499	2343449.9899999998
500	1160685.52
502	849595.0700000001
503	857541.97
505	2212266.81
506	1028194.3300000001
508	3171626.05
509	1788164.49
511	1944563.92
512	1346292.88
514	3342451.0700000008
515	1046100.7
517	2886391.77
518	1644250.19
520	3092773.51
521	1837559.94
523	3407742.42
524	1155254.6600000001
526	2479366.94
527	653501.7899999999
529	2362812.4099999997
530	2440256.6099999994
532	2812127.1799999992
533	1324360.7100000002
535	2137062.2199999997
536	1692713.07
538	2908858.4300000006
539	788822.89
541	1467327.57
542	1749499.87
544	2704870.1100000003
545	1294004.9300000002
547	1569120.19
548	906438.07
550	2748078.76
551	1607052.35
553	2938754.41
554	1528463.22
556	2813969.38
557	1355098.93
559	2692677.5
560	1723458.0799999998
562	2464198.54
563	1499945.05
565	3402479.0599999996
566	607910.3099999999
568	3631652.0699999994
569	1650918.5500000003
571	3304003.2700000005
572	1944153.31
574	2440796.8
575	2065422.5999999996
577	3149963.2499999995
578	1714007.42
580	3071757.46
581	1516277.4800000002
583	3132260.25
584	1670306.08
586	2440878.8000000003
587	2087283.5799999998
589	2546585.4200000004
590	2041182.46
592	2297099.3899999997
593	919697.0799999998
595	2530533.37
596	1388149.4800000002
598	3621174.2999999993
599	2339768.21
601	1810547.2899999998
602	994247.5199999999
604	1880007.8499999999
605	1138129.7
607	3643666.8599999994
608	873022.49
610	3474184.33
611	1054581.81
613	3213409.27
614	1984528.2
616	1719812.3099999998
617	534457.99
619	3701516.7700000005
620	864120.6699999999
622	2726333.4599999995
623	1718196.7399999998
625	4001026.2199999997
626	1212509.02
628	1773482.2800000003
629	163443.37
631	1929889.8599999999
632	2198862.9600000004
634	2703643.4799999995
635	1620976.44
637	2260321.9000000004
638	1480180.3199999998
640	2710174.38
641	979762.2100000001
643	4555789.04
644	1206369.2299999997
646	2194500.76
647	1595093.25
649	3568066.4500000007
650	1418462.2200000002
652	3334653.09
653	965947.5200000001
655	2450701.3
656	1811685.0599999998
658	1710500.38
659	1580961.92
661	3282148.6399999997
662	1220021.5
664	3755051.25
665	1489665.7100000002
667	2642228.89
668	1284146.26
670	3704194.5400000005
671	1728903.2999999998
673	2186165.98
674	878716.4600000001
676	3601569.4800000004
677	1337456.0199999998
679	2216631.76
680	907132.46
682	1904607.2099999997
683	2271393.01
685	2936380.3400000003
686	4367503.099999999
688	1554121.6700000002
689	1788306.58
691	2623790.89
692	819740.37
694	2797287.33
695	1512077.68
697	4360839.0600000005
698	1363607.2000000002
700	2234053.2099999995
701	1920847.93
703	1294561.0699999998
704	965672.3099999999
706	2517047.0300000003
707	1305240.36
709	3358734.9
710	1356936.24
712	4152639.3200000003
713	1284047.2099999997
715	3473481.3800000004
716	282505.1
718	2481139.81
719	2144393.4299999997
721	2062699.4100000001
722	1881161.2299999997
724	2796695.3700000006
725	1852533.03
727	2918238.7100000004
728	2135635.15
730	3154038.5
731	1300709.44
733	1980774.3199999998
734	1689401.7
736	2271498.2200000007
737	2653716.2600000002
739	3070292.85
740	1477116.8800000004
742	2345305.8000000003
743	2236586.45
745	3017464.0099999993
746	2333358.8900000006
748	1657317.9699999997
749	1306515.36
751	3499896.2300000004
752	947901.22
754	2595952.68
755	1863313.88
757	2789171.8
758	802334.01
760	2918309.36
761	1411988.03
763	2628333.11
764	1389835.84
766	2944670.1099999994
767	2283410.45
769	2548520.43
770	1898131.36
772	3372287.540000001
773	727078.62
775	3167199.9000000004
776	1681177.25
778	2266334.5
779	1090577.46
781	1734130.4100000004
782	1221102.23
784	2567876.0499999993
785	1455384.7900000003
787	3811144.9
788	1883467.52
790	3448665.8600000003
791	1371715.86
793	2813243.4499999997
794	2563428.19
796	2784986.099999999
797	1520061.28
799	2320932.01
800	2037485.33
802	2505998.33
803	1158537.8699999999
805	3984205.2199999997
806	2425106.48
808	3598320.8499999996
809	1420508.54
811	2278855.1799999997
812	911519.0900000001
814	2936321.42
815	2232993.67
817	2140308.6399999997
818	2294155.8099999996
820	2201468.4500000007
821	1359312.37
823	2551939.74
824	1306801.15
826	3852867.45
827	1833155.23
829	2415876.94
830	1792261.54
832	3388960.8400000003
833	1659191.27
835	3314036.0000000005
836	1262387.74
838	2995972.9499999997
839	2268115.8499999996
841	3130909.8500000006
842	947539.9400000001
844	2924382.49
845	1075564.25
847	1315284.6500000001
848	510313.74
850	4334334.46
851	921474.3200000001
853	3352252.8499999996
854	1528371.2
856	2134656.4999999995
857	1548430.69
859	1572151.8800000001
860	771256.71
862	2283650.5500000003
863	842138.6400000001
865	2310813.9999999995
866	1739954.3099999998
868	3182999.8400000003
869	1528029.29
871	2806975.7800000003
872	1843725.0999999999
874	2077717.6900000002
875	915430.49
877	2795051.7800000003
878	1654302.9600000002
880	2754927.29
881	1937795.4500000002
883	4026303.45
884	1209550.1300000001
886	2615272.9899999993
887	1356649.1900000002
889	2483442.09
890	1330436.45
892	2461282.1599999997
893	1988308.1400000001
895	1458181.9400000002
896	759435.99
898	4460059.6
899	690447.2000000001
901	1547365.24
902	946488.69
904	3285258.53
905	1379961.52
907	1877266.1199999999
908	2680863.3800000004
910	1760858.4699999997
911	690308.52
913	2154341.81
914	705274.4
916	1757178.62
917	1089209.12
919	3325256.91
920	2155813.16
922	1865766.9800000002
923	1836913.0000000005
925	3027009.62
926	1444500.8
928	3056404.159999999
929	1489116.72
931	1069817.85
932	1568070.1999999997
934	1811340.01
935	1643117.6900000002
937	3580135.0399999996
938	1387160.48
940	4258775.219999999
941	1102108.29
943	4432159.86
944	1018162.6699999999
946	3594199.2899999996
947	1723654.5100000002
949	2989454.46
950	1068392.92
952	3202680.97
953	1272419.35
955	2818302.2499999995
956	1150121.36
958	2920935.51
959	1410027.5000000002
961	2280688.45
962	1342915.56
964	1754985.8500000003
965	1659640.9
967	2271886.97
968	1565623.6400000001
970	2870415.1100000003
971	1071608.15
973	2385707.7700000005
974	925163.5999999999
976	3551412.5700000003
977	1321947.0499999998
979	2587844.4200000004
980	1308666.43
982	1813370.89
983	1121864.68
985	1731301.7
986	2954261.94
988	3054705.7199999997
989	1021952.7500000001
991	3080676.5
992	2244219.7199999997
994	2908934.6499999994
995	1051883.45
997	1537543.2400000002
998	1298769.8900000001
1000	3370843.66
1001	1910588.19
1003	2458361.4200000004
1004	1692258.2899999998
1006	3115290.6399999997
1007	827549.58
1009	2285937.66
1010	1799531.63
1012	2597821.8399999994
1013	2244059.98
1015	2048277.1300000001
1016	1878366.84
1018	1438974.3099999998
1019	1766607.8599999999
1021	3172517.2399999998
1022	686696.9199999999
1024	2361302.69
1025	1340737.24
1027	3093912.03
1028	2091296.6300000001
1030	2140987.4699999997
1031	1626933.31
1033	2012832.51
1034	470748.87
1036	3364005.059999999
1037	1454346.78
1039	1945712.5400000003
1040	1413494.9900000002
1042	2906137.6700000004
1043	1825852.5199999998
1045	3144677.51
1046	818480.6399999999
1048	2337314.6
1049	1921028.28
1051	2955333.7
1052	1673499.0499999998
1054	1839879.38
1055	1269490.67
1057	1936085.2599999998
1058	1371622.4200000002
1060	2188458.9299999997
1061	2565153.6799999997
1063	2581910.8600000003
1064	1128847.04
1066	2138453.05
1067	1883728.2800000003
1069	2784088.2399999998
1070	975910.5099999998
1072	2855010.5500000003
1073	2481380.0299999993
1075	2283578.8199999994
1076	1104011.56
1078	3607874.9899999998
1079	1800635.2200000002
1081	2693823.1699999995
1082	1648292.2100000002
1084	2663679.79
1085	2194126.9699999997
1087	2147678.0000000005
1088	809791.71
1090	2813443.57
1091	169554.28
1093	3434740.5200000005
1094	1667421.4500000002
1096	2518669.52
1097	1411488.9699999997
1099	2756978.61
1100	821440.95
1102	3594439.03
1103	1218604.55
1105	2906674.3200000003
1106	1468646.78
1108	1329992.4499999997
1109	1432743.8699999999
1111	2685797.0100000002
1112	1248771.4400000002
1114	2722483.82
1115	1490294.8199999998
1117	3195118.7600000007
1118	2074489.87
1120	2599937.0500000003
1121	1982658.6600000001
1123	2947916.7399999993
1124	1380070.96
1126	3296952.07
1127	930137.51
1129	3432631.1899999995
1130	741823.22
1132	3273797.9000000004
1133	1718462.32
1135	3320613.6700000004
1136	2356860.1799999997
1138	3547275.0399999986
1139	681437.96
1141	4358987.559999999
1142	2130109.5300000003
1144	3692192.2100000004
1145	1133746.87
1147	4116121.91
1148	987158.0099999999
1150	4516089.379999999
1151	1149234.73
1153	2400353.0599999996
1154	1155153.61
1156	3322812.6399999997
1157	1239991.28
1159	2616925.99
1160	1768891.17
1162	3368637.6400000006
1163	2321432.0500000003
1165	1637838.18
1166	1025524.1099999999
1168	3386083.3500000006
1169	2224086.4399999995
1171	2367426.46
1172	1593725.65
1174	1770500.0599999998
1175	1481561.0100000002
1177	4157547.68
1178	1493556.88
1180	2239847.88
1181	1181939.78
1183	2073410.61
1184	1113994.69
1186	3235577.4000000004
1187	1950264.8699999996
1189	2836214.84
1190	855469.2899999998
1192	4078783.89
1193	1258032.7199999997
1195	2516704.06
1196	1328316.6099999999
1198	2243158.92
1199	1804513.7300000002
1201	3307613.4699999997
1202	3085561.06
1204	2154744.72
1205	1469665.2600000002
1207	2750761.8699999996
1208	842282.9700000001
1210	3421838.8200000003
1211	1628417.4100000001
1213	3813785.640000001
1214	1167986.7899999998
1216	2194327.39
1217	1901242.4000000001
1219	3070416.5100000002
1220	1714641.4
1222	2825698.95
1223	2067299.88
1225	3356948.85
1226	898675.51
1228	2242780.0500000003
1229	1541701.16
1231	3114004.8400000003
1232	835587.23
1234	2785103.3699999996
1235	743727.6699999999
1237	2339390.98
1238	1355004.94
1240	2781872.98
1241	483855.03
1243	3663218.88
1244	2017357.7999999998
1246	4642942.33
1247	1401358.18
1249	3493281.9099999988
1250	872065.7
1252	1753229.8499999996
1253	1286626.0299999998
1255	3607437.7300000004
1256	756823.9
1258	3860894.7099999995
1259	1068767.75
1261	3021198.5999999996
1262	771242.8400000001
1264	2391271.1100000003
1265	1045048.62
1267	3122213.1600000006
1268	1057015.5899999999
1270	2905356.78
1271	2104268.77
1273	2185289.58
1274	1378766.7100000002
1276	4327406.880000001
1277	1757068.79
1279	3341293.5900000003
1280	621530.44
1282	3744680.6800000006
1283	1216915.87
1285	1929594.9800000002
1286	959377.4400000001
1288	3331479.1599999997
1289	1013748.7899999999
1291	3132551.1400000006
1292	1030631.02
1294	3067877.0199999996
1295	1689197.2200000002
1297	2131304.31
1298	981756.16
1300	3222292.5300000007
1301	1172081.08
1303	2794516.92
1304	1172043.3599999999
1306	2263959.9900000007
1307	1718338.97
1309	2757330.1699999995
1310	1256001.74
1312	3563999.6
1313	2092523.15
1315	2783193.31
1316	1092599.21
1318	4520525.109999999
1319	1509983.1700000002
1321	2769684.9699999997
1322	1095116.51
1324	3219629.3200000008
1325	1416019.2
1327	2089991.5
1328	887373.6199999999
1330	2848662.7300000004
1331	1752988.3099999998
1333	2783686.5999999996
1334	1850123.74
1336	2161494.65
1337	1747123.01
1339	2896845.74
1340	1360170.64
1342	2697389.1900000004
1343	2116454.86
1345	3966780.7599999993
1346	1320214.5599999998
1348	3665740.6800000006
1349	2205365.85
1351	2630167.74
1352	1425142.08
1354	2727204.1500000004
1355	1885397.57
1357	2145100.14
1358	1569273.44
1360	3066333.1300000004
1361	1771353.1400000001
1363	2148446.7800000003
1364	556685.02
1366	2821955.14
1367	2019651.69
1369	3011056.6
1370	869038.25
1372	3215728.990000001
1373	1111071.99
1375	1951966.2099999997
1376	2297796.7400000007
1378	2475941.1999999997
1379	1614392.26
1381	2852185.2199999997
1382	751084.02
1384	3217696.1999999997
1385	1730043.61
1387	2753300.139999999
1388	1423185.6500000001
1390	2045539.91
1391	1708768.83
1393	2202160.77
1394	1628032.25
1396	4644936.890000001
1397	1454613.26
1399	3329349.3799999994
1400	1955550.11
1402	3202834.39
1403	2317853.7600000002
1405	2302743.5
1406	1798355.8000000003
1408	2814161.3899999997
1409	927108.2000000002
1411	2468220.5800000005
1412	2327529.45
1414	2085916.49
1415	2107998.0
1417	1653358.41
1418	1375427.22
1420	2724446.86
1421	1051985.0799999998
1423	1826648.5899999999
1424	1350416.3599999999
1426	3152704.15
1427	1926897.51
1429	2178767.43
1430	2183466.5100000002
1432	1158398.81
1433	1825869.4499999997
1435	2565315.8200000003
1436	2118523.5700000003
1438	2237275.66
1439	1548128.6400000001
1441	3350612.5900000003
1442	1772408.97
1444	2383008.12
1445	2007895.4699999997
1447	2448621.72
1448	815629.38
1450	1770095.1799999997
1451	1226051.38
1453	3443474.51
1454	1078285.98
1456	3216066.7
1457	1381860.5899999999
1459	2851887.05
1460	1467182.6
1462	3449177.7899999996
1463	1736421.81
1465	2154647.92
1466	983545.3599999999
1468	2909160.48
1469	2207545.23
1471	3773452.5199999996
1472	780730.21
1474	3102725.39
1475	1235436.5899999999
1477	3224036.500000001
1478	1752370.0499999998
1480	3194503.23
1481	1674392.93
1483	2952025.26
1484	1755545.15
1486	3635974.2600000002
1487	742898.45
1489	5408941.28
1490	1734748.3000000003
1492	3683766.6599999997
1493	735495.94
1495	2553954.66
1496	1367514.6900000002
1498	2975387.2199999997
1499	2900527.6100000003
